0.0000 -1.0000
0.1000 -0.9900
0.2000 -0.9603
0.3000 -0.9113
0.4000 -0.8442
0.5000 -0.7603
0.6000 -0.6612
0.7000 -0.5490
0.8000 -0.4261
0.9000 -0.2950
1.0000 -0.1585
1.1000 -0.0197
1.2000 0.1184
1.3000 0.2526
1.4000 0.3796
1.5000 0.4962
1.6000 0.5993
1.7000 0.6858
1.8000 0.7529
1.9000 0.7980
2.0000 0.8186
2.1000 0.8127
2.2000 0.7787
2.3000 0.7151
2.4000 0.6211
2.5000 0.4962
2.6000 0.3403
2.7000 0.1539
2.8000 -0.0620
2.9000 -0.3062
3.0000 -0.5766
3.1000 -0.8711
3.2000 -1.1868
3.3000 -1.5206
3.4000 -1.8688
3.5000 -2.2277
3.6000 -2.5931
3.7000 -2.9604
3.8000 -3.3251
3.9000 -3.6823
4.0000 -4.0272
