2674.000874
2295.385945
2505.860697
2931.521488
2564.625443
2520.106653
2520.829135
2232.494655
2543.892475
2191.942914
2516.042718
2623.868747
2389.510351
2578.706458
2540.394604
2550.960385
2661.785886
2775.174409
2455.959585
2386.189836
2820.155032
2788.390839
2445.097078
2649.549884
2867.976605
2806.153576
2695.599502
2802.067970
2688.825704
2726.916012
2771.985324
2326.021880
2627.337912
2669.462287
2496.996087
2683.506905
2546.652782
2689.427468
2488.710065
2430.910358
2445.524347
2854.076851
2553.307350
2379.298657
2423.146116
2634.700563
2693.245102
2647.872302
2614.722890
2417.208861
2475.756336
2695.396208
2515.052186
2544.218850
2496.904337
2477.618732
2602.772179
2720.280477
2408.597672
2691.486826
2470.107517
2314.475209
2741.764313
2513.180682
2652.840687
2664.889776
2433.416479
2468.809948
2563.668454
2443.341541
2702.558395
2436.694123
2662.390205
2177.047022
2423.417565
2369.149731
2452.290193
2370.059802
2538.998191
2600.952567
2416.822008
2383.579770
2721.984579
2557.008988
2623.471758
2412.424400
2519.385969
2327.123735
2540.001319
2572.957123
2580.694071
2301.924170
2490.981532
2555.861465
2821.911308
2694.828484
2285.104286
2446.954638
2525.237693
2438.500631
