3740.511591
3655.766758
3792.796443
3791.514058
3701.184984
3734.554754
3800.403767
3713.280222
3756.046153
3811.467600
3646.813773
3815.698140
3744.557077
3755.714041
3675.628758
3688.030779
3665.378870
3662.571671
3704.950003
3754.798422
3696.324414
3749.922550
3735.098437
3821.615207
3758.434182
3865.670876
3808.178901
3755.822564
3806.619393
3764.603799
3831.278535
3773.513105
3792.613156
3675.660814
3727.134381
3622.533619
3669.689327
3800.489984
3745.232474
3759.949668
3800.573403
3730.136997
3744.966290
3674.965611
3777.221903
3566.402022
3900.490330
3720.641824
3782.859959
3814.936775
3686.149773
3809.091357
3694.999023
3763.189763
3635.955463
3685.469690
3815.581500
3748.075755
3850.093092
3647.007945
3747.849562
3802.454779
3742.016570
3759.227745
3803.341774
3811.048792
3522.168863
3687.659268
3847.202496
3762.183425
3650.531666
3687.025012
3848.526768
3761.089804
3786.996131
3746.023675
3890.843628
3685.040282
3761.103927
3686.445040
3640.346670
3742.663629
3787.052561
3778.603300
3837.015971
3652.011343
3843.118680
3724.218781
3871.332514
3853.596841
3716.512893
3770.256935
3732.971809
3744.374453
3777.236624
3707.369366
3687.940344
3719.389420
3804.968050
3795.654247
