2676.475284
2246.044932
2631.491137
2666.598548
2621.452048
2510.261394
2566.324610
2490.307407
2536.086358
2648.496082
2531.365539
2570.646035
2548.982476
2616.001428
2425.071328
2423.863637
2535.297537
2733.330951
2521.215279
2432.337000
2705.166890
2694.935680
2324.787717
2499.969458
2324.642588
2586.711697
2262.455042
2570.263959
2365.419385
2676.904942
2704.741215
2789.595525
2480.364567
2565.936308
2662.580760
2478.708091
2530.392494
2522.024183
2671.189125
2199.724908
2780.597291
2468.899574
2737.963499
2509.248934
2488.259545
2735.753149
2901.499488
2607.797743
2433.531060
2889.753674
2533.581428
2612.763805
2725.825403
2453.540521
2464.182374
2542.505275
2471.945402
2370.770108
2448.780251
2764.599583
2402.917899
2514.592004
2662.477287
2570.773714
2321.908176
2626.310462
2726.535201
2430.546454
2523.998025
2419.734362
2335.407217
2416.369031
2499.980465
2591.993099
2560.447374
2529.415549
2496.843315
2583.795751
2572.546938
2703.972600
2621.906804
2464.647695
2574.389337
2486.013445
2555.270837
2459.831056
2617.098764
2596.418892
2597.877346
2487.805667
2676.071814
2506.265672
2601.583010
2626.145049
2350.782997
2653.418297
2581.743336
2500.574894
2636.416311
2750.473230
